0   
9   
7   
5   
5   
8   
1   
2
6
8
2
6
7
8
8
5
3
4
2
8
6
3
3
4
4
8
8
10
1
1
9
9
10
10
5
5
6
4
9
3
8
4
5
9
4
9
1
7
8
4
5
9
3
8
6
6
8
6
8
6
10
3
9
8
6
6
4
3
7
4
6
10
7
2
7
5
4
3
8
1
1
5
8
2
9
6
10
8
1
6
2
4
7
3
9
9
6
8
3
5
6
8
4
3
9
4
7
1
8
9
2
8
6
1
9
2
5
7
7
2
10
4
8
9
2
9
2
5
7
3
9
8
6
4
8
4
8
6
3
3
5
5
5
10
8
6
7
7
2
1
10
1
9
3
3
10
6
1
10
6
3
3
10
8
6
2
9
5
1
1
2
8
7
2
9
9
5
3
8
2
8
6
3
5
4
7
5
1
10
8
7
5
10
4
4
2
7
1
1
8
2
3
1
2
3
9
9
5
9
7
2
4
6
1
7
6
10
10
2
10
3
8
5
2
3
8
8
7
9
9
6
3
6
6
10
2
3
3
6
1
7
3
4
10
4
5
5
6
2
7
2
3
6
2
7
10
8
10
1
8
1
7
6
3
10
4
5
5
9
5
4
8
5
3
4
7
4
7
2
6
6
1
2
7
10
7
6
9
10
5
1
4
6
2
6
9
9
2
5
7
10
3
5
8
7
2
10
10
5
7
8
8
7
6
1
8
4
3
5
2
4
5
4
9
2
4
7
2
6
3
7
4
7
7
2
2
9
5
8
7
9
4
7
3
1
6
6
3
8
9
6
10
5
6
9
2
10
2
3
5
9
1
10
4
10
5
8
2
6
5
7
4
5
6
2
4
2
6
5
8
4
4
3
5
9
1
4
7
1
5
6
8
3
1
10
2
9
7
6
9
3
6
5
8
3
3
6
1
6
10
6
1
2
7
7
8
1
4
7
3
5
3
9
4
2
7
6
5
4
1
8
5
6
2
9
5
5
3
2
5
9
1
6
7
1
8
3
10
6
10
5
5
2
3
5
4
1
2
5
1
7
8
8
2
10
8
8
1
9
6
1
10
5
4
4
3
2
5
2
4
10
2
6
10
2
6
6
9
7
1
6
5
7
5
7
1
1
7
8
4
7
1
8
6
10
3
7
6
5
7
8
1
8
4
7
5
6
10
7
10
5
8
6
3
4
2
10
3
3
4
8
10
10
7
5
4
9
1
4
3
2
3
3
1
6
2
8
6
4
5
500 500
487 949
492 770
150 556
130 719
962 393
54  890
861 705
338 631
119 741
48  296
982 827
18  954
558 698
857 337
963 72
218 46
705 484
315 3
331 358
688 156
314 338
214 428
193 866
381 924
968 10
797 382
733 544
956 878
576 270
257 778
713 605
270 940
880 401
245 168
973 29
888 919
943 703
364 248
932 60
575 18
663 990
667 351
85  708
801 330
261 91
163 953
509 249
237 336
791 356
314 168
356 726
260 412
630 144
534 255
356 444
448 320
987 333
691 109
319 476
83  716
395 818
605 769
633 162
651 644
221 4
551 912
762 604
337 41
156 318
756 357
749 173
535 235
719 700
900 564
717 4
337 441
759 103
615 132
365 498
42  268
952 2
989 303
471 821
650 215
302 881
61  459
391 405
364 170
643 744
324 620
559 449
92  914
133 607
223 949
988 415
943 616
764 6
659 250
766 532
730 338
850 489
481 467
564 296
469 531
538 121
997 183
127 966
880 538
300 985
462 125
781 68
884 92
438 673
591 658
928 894
107 816
581 799
46  288
548 0
379 725
186 490
947 161
702 712
230 722
40  891
362 568
26  614
396 104
756 658
818 433
236 62
314 56
276 466
789 828
626 677
626 156
369 506
207 461
566 842
676 871
135 983
956 181
5   209
10  57
499 617
369 482
975 194
882 465
716 147
740 993
77  480
742 233
869 824
809 987
999 514
748 391
366 917
272 875
0   9
260 359
449 208
278 711
422 445
341 448
683 498
930 690
184 567
257 360
464 101
783 645
282 884
978 688
514 349
343 552
290 171
675 414
386 86
575 26
863 973
223 412
958 176
391 824
228 93
704 946
938 995
159 343
698 106
896 169
361 937
201 120
158 852
786 630
91  909
291 333
575 931
60  763
321 837
154 302
490 215
612 394
70  159
972 987
527 340
34  241
688 334
878 485
885 205
124 413
347 330
457 540
841 478
383 907
556 135
250 31
251 90
514 112
645 252
250 482
50  740
924 309
275 198
402 554
751 389
222 168
935 8
105 551
943 769
723 250
442 730
711 917
794 873
941 506
440 930
25  735
550 461
95  780
905 187
807 232
38  560
610 303
635 599
266 273
160 961
610 199
761 276
568 865
397 721
423 983
239 847
330 653
307 662
81  59
357 955
123 426
28  874
820 222
228 758
972 613
776 209
577 160
293 429
852 781
343 789
492 948
823 661
193 141
602 498
412 553
415 158
382 42
1   486
382 334
497 141
251 476
70  672
154 539
822 847
593 573
915 235
681 808
972 28
649 106
717 124
619 669
859 453
615 988
240 554
847 459
189 652
515 845
625 873
308 612
803 434
592 840
662 92
879 454
784 7
287 625
442 982
844 461
324 736
620 43
505 739
668 124
966 56
648 984
705 165
771 758
643 891
930 487
754 167
529 232
835 623
649 742
660 65
864 278
379 515
152 618
530 125
748 966
794 447
441 116
495 888
734 107
623 131
842 466
869 433
557 697
419 952
987 50
253 589
692 664
626 817
203 625
887 426
675 757
853 362
246 660
194 527
644 895
246 544
672 902
615 71
816 214
619 709
164 411
943 552
288 411
655 956
720 138
743 460
660 568
886 352
375 573
488 528
868 505
561 673
856 126
900 17
871 351
544 696
459 776
541 257
885 418
556 622
443 205
622 955
559 106
840 180
715 74
103 373
879 347
923 503
819 389
588 69
833 434
831 507
589 695
644 24
649 15
865 351
606 985
202 605
815 96
843 150
944 461
197 668
791 305
574 826
733 935
807 679
468 732
609 656
666 76
568 205
802 286
712 80
218 449
914 624
537 863
589 996
862 484
336 666
62  678
869 431
995 86
737 314
851 39
649 895
278 480
743 173
909 106
407 905
648 939
662 941
234 442
984 38
584 667
624 9
615 986
610 959
690 580
725 65
821 470
926 460
779 78
871 94
560 796
616 675
973 189
699 19
989 17
786 720
679 710
290 543
887 516
828 401
633 696
702 64
619 966
816 442
501 973
567 951
653 134
605 770
544 972
465 620
914 529
810 491
173 471
914 548
803 366
625 38
860 113
736 168
459 508
602 884
723 145
723 696
630 76
644 653
478 427
694 521
191 588
663 791
659 188
700 411
677 609
731 580
610 105
548 155
103 585
363 542
615 90
909 473
501 937
579 980
981 71
563 789
842 508
706 155
904 130
543 567
951 14
583 963
803 5
997 36
916 439
163 492
117 572
570 35
538 21
789 108
119 667
186 678
935 216
68  669
653 116
494 839
92  755
598 137
246 562
822 278
521 156
31  373
623 53
518 956
304 521
918 124
949 54
905 132
595 694
882 445
753 45
206 365
959 557
983 471
712 137
818 383
662 684
615 759
717 11
637 657
807 419
389 951
757 185
294 482
475 464
725 970
566 971
714 5
588 715
782 808
891 415
614 647
688 869
763 96
205 708
885 493
570 972
273 424
636 107
536 88
972 618
994 28
475 786
993 34
847 29
601 7