0   
6   
7   
9   
7   
10  
10  
7   
6
6
8
6
5
10
8
9
9
10
6
9
10
9
6
10
7
9
5
8
6
8
6
9
6
9
7
8
9
10
5
10
10
5
7
8
8
7
7
5
8
8
9
7
9
7
8
9
6
6
10
8
7
8
9
10
5
10
6
8
10
8
9
9
6
8
5
9
5
9
6
5
5
9
8
8
6
10
10
8
10
10
9
5
8
7
10
6
5
6
8
7
6
5
5
5
6
9
9
8
10
7
9
7
5
9
9
6
8
5
5
8
10
7
7
6
7
10
9
5
10
6
9
7
10
7
5
7
9
10
6
10
7
6
8
8
6
8
5
7
10
7
7
6
7
6
5
5
10
6
6
9
7
10
9
5
7
10
10
5
6
9
9
9
10
9
10
9
6
8
9
9
8
10
7
10
9
6
8
5
8
9
8
9
5
8
9
8
10
8
6
7
9
6
5
9
8
10
9
7
5
8
9
7
10
8
9
5
10
10
5
8
8
8
7
7
5
5
7
9
9
9
8
5
10
9
7
6
8
10
6
10
8
6
5
5
5
10
9
6
10
5
8
5
5
9
7
5
10
5
10
7
5
7
7
6
8
10
10
9
7
9
10
9
6
6
10
9
8
10
5
8
5
6
6
10
8
7
10
7
7
5
8
8
6
10
7
7
8
8
7
7
7
10
8
6
5
5
6
7
8
8
7
8
8
6
9
8
6
10
8
8
7
10
10
6
7
6
5
10
8
5
10
10
8
6
8
10
10
8
10
9
6
6
5
9
10
7
8
6
6
6
10
6
9
6
7
5
5
8
10
6
8
8
9
7
7
5
8
6
6
6
6
5
10
5
8
7
5
10
7
9
5
8
6
7
6
8
10
5
8
5
6
10
5
6
8
9
5
7
10
7
5
10
10
10
5
5
8
5
8
10
8
5
10
5
7
9
7
8
8
6
10
10
10
5
10
5
8
9
10
8
6
10
5
5
6
6
9
8
8
10
8
6
9
10
5
10
10
9
6
5
628 103
291 573
129 447
973 643
830 868
398 563
731 423
201 995
167 174
31  358
480 619
323 555
205 208
187 767
775 445
745 369
188 965
44  585
405 706
185 315
505 636
482 543
830 860
344 498
762 379
761 399
869 844
114 420
890 491
440 802
929 676
524 456
361 434
377 478
191 496
646 352
795 962
483 492
174 597
208 464
693 461
56  114
877 898
483 596
757 915
833 803
676 597
818 695
494 648
5   167
197 146
170 313
354 624
603 437
773 462
386 610
75  183
442 485
269 543
770 869
342 542
103 508
799 441
935 918
790 696
857 459
319 541
195 131
328 617
297 697
337 529
337 620
152 735
302 491
229 909
508 567
940 591
490 571
262 962
818 425
357 82
743 377
927 322
335 633
725 477
839 403
333 557
421 589
515 601
791 669
935 639
314 623
238 198
1000 656
613 387
425 544
299 730
359 986
107 394
766 513
409 500
144 441
163 479
400 560
198 506
176 926
763 458
761 982
986 312
94  492
183 372
383 562
384 366
204 147
373 443
231 359
340 551
751 545
232 198
271 629
139 319
305 521
370 556
273 895
466 566
865 654
869 910
216 415
41  244
304 153
97  186
368 504
194 925
254 246
766 440
212 535
492 471
314 590
153 22
235 976
70  484
748 521
675 415
705 421
267 658
471 562
870 876
24  331
882 865
864 841
730 459
734 383
200 392
367 641
966 646
856 722
336 971
191 969
898 763
857 790
206 143
682 258
230 771
745 394
692 452
395 437
503 642
326 565
888 761
134 223
300 695
423 593
204 516
158 441
133 604
140 79
673 529
788 909
954 788
843 989
145 278
764 881
125 504
301 977
540 385
92  399
192 176
169 888
101 564
506 603
137 584
121 451
802 286
229 981
706 365
761 741
70  415
198 502
142 323
839 888
772 526
237 235
308 579
791 283
801 882
873 368
977 606
514 594
123 227
848 261
603 508
128 454
283 535
934 787
868 930
181 618
904 440
140 672
181 689
587 479
451 745
402 34
962 687
776 972
223 915
242 683
149 353
831 873
332 672
44  546
754 940
197 971
872 879
63  283
119 398
211 995
819 887
296 542
596 153
916 873
239 931
830 971
837 887
107 365
774 369
933 612
312 807
905 557
768 692
761 420
812 621
350 667
150 393
407 490
806 935
646 471
286 627
774 888
440 615
204 991
117 90
277 979
840 813
313 708
882 881
234 889
257 56
224 516
349 921
214 144
382 283
826 883
967 562
763 487
341 554
61  494
329 948
220 601
160 538
217 126
837 636
949 661
931 987
6   436
934 726
154 327
98  361
399 584
759 634
680 453
869 362
232 538
126 636
847 860
834 503
164 447
330 175
163 242
97  651
139 530
921 868
48  486
38  202
134 708
717 846
640 705
305 727
197 891
460 573
387 417
382 519
124 241
803 815
757 597
356 411
352 846
112 299
916 589
150 952
170 391
68  410
100 500
958 616
205 147
654 402
981 766
138 584
216 332
186 443
671 534
160 475
104 159
240 951
161 74
403 437
456 327
172 247
417 601
490 600
23  319
254 376
160 152
855 778
159 149
228 636
169 168
274 684
176 108
770 337
261 226
345 615
297 588
888 1000
989 575
736 422
292 17
893 829
221 975
139 252
372 588
854 612
814 849
431 513
292 780
817 382
209 252
369 460
4   252
114 48
364 113
932 709
468 470
851 660
774 798
526 611
202 136
993 516
228 142
370 528
327 636
134 190
988 634
310 663
960 699
989 609
332 575
114 199
22  461
986 630
233 947
198 981
599 858
47  518
616 451
153 358
284 599
440 645
825 894
229 186
142 637
77  417
368 714
234 547
224 194
228 763
839 860
170 453
141 55
395 569
124 795
784 319
367 655
241 949
265 609
309 109
579 588
968 971
374 588
953 903
268 995
101 427
434 539
874 663
340 555
265 215
169 312
845 973
240 670
758 336
287 585
258 525
794 253
726 382
487 551
592 837
279 547
820 692
926 852
991 659
478 410
443 568
625 630
128 364
577 761
379 548
999 672
863 505
178 937
364 490
160 197