0   
9   
7   
6   
5   
7   
10  
9   
8   
9   
8   
6   
6   
5   
10
9
7
9
7
9
6
5
7
10
7
6
9
9
10
7
7
9
10
5
6
8
10
8
5
8
10
8
10
7
5
8
9
7
10
5
6
10
9
9
10
6
8
10
9
10
9
7
5
8
10
6
9
5
7
8
8
10
10
5
8
8
8
6
10
6
9
7
9
10
6
9
6
10
5
9
8
5
5
5
10
5
8
6
6
10
6
5
10
7
9
5
8
8
6
5
6
5
6
6
7
8
6
6
10
7
10
8
7
6
7
10
9
8
8
10
10
6
10
7
6
9
8
9
6
9
10
10
7
8
6
9
7
8
7
9
9
8
6
7
8
9
7
5
7
6
6
5
6
6
10
5
5
7
7
9
10
6
10
9
6
6
9
9
6
8
5
9
8
10
5
6
6
8
7
6
9
6
7
8
6
10
9
6
7
5
6
6
10
5
9
6
8
9
10
6
10
5
10
7
6
6
6
9
10
10
6
9
6
8
6
9
7
9
5
7
10
9
10
9
7
9
10
9
5
9
9
5
10
5
7
7
7
5
5
10
10
10
5
10
10
9
9
5
10
7
6
5
6
8
9
8
9
5
6
9
9
10
6
5
7
9
6
5
10
6
7
8
6
9
9
6
8
8
10
8
6
8
10
8
7
8
8
7
5
6
10
8
5
5
7
7
9
5
9
9
8
6
6
10
6
9
8
5
10
7
10
5
7
10
8
6
5
7
8
5
10
8
8
7
5
8
6
8
5
8
7
10
6
10
9
8
7
9
6
9
9
5
8
9
9
5
9
8
10
7
9
9
7
5
9
5
7
7
10
9
9
6
5
9
7
9
5
8
10
5
6
9
9
7
10
6
8
9
5
5
10
8
10
5
10
5
5
9
9
10
7
10
6
6
10
5
5
6
10
10
10
10
5
8
9
9
6
8
7
7
10
10
9
7
7
5
8
8
5
9
6
5
9
9
7
8
8
10
5
7
7
6
9
7
6
8
9
10
6
9
5
5
10
9
6
8
5
9
9
9
5
9
6
6
9
6
5
9
9
10
5
9
9
8
9
8
6
5
5
7
6
7
6
5
8
9
6
9
10
10
9
10
9
10
10
6
10
7
5
7
18  761
835 397
299 16
31  168
142 257
242 984
612 357
663 812
105 188
487 636
993 703
672 148
506 259
953 706
888 203
107 534
772 692
475 182
828 775
719 220
655 722
844 197
918 600
460 844
739 102
301 523
341 627
989 936
935 602
44  72
861 67
163 416
981 503
722 397
317 903
547 95
944 106
935 192
128 376
908 176
720 226
738 793
791 498
712 751
530 693
141 673
380 544
634 301
427 853
606 949
47  557
48  202
791 67
546 876
526 842
535 216
828 214
829 352
623 473
374 1000
74  187
275 415
726 789
51  597
894 395
159 743
301 893
755 946
978 261
709 153
391 153
876 370
846 725
604 107
117 709
507 89
348 744
476 204
181 957
948 710
158 788
414 685
358 66
196 732
283 343
456 931
5   468
459 43
555 414
94  964
558 360
641 424
132 16
777 947
25  205
852 45
5   686
400 682
501 234
905 968
492 971
817 114
651 941
817 643
735 937
333 829
223 584
306 412
209 663
206 549
542 691
296 10
215 747
148 641
9   553
411 59
382 800
824 612
608 727
481 574
169 950
350 608
396 536
36  459
359 339
798 917
10  569
813 10
569 627
692 467
166 178
247 413
738 487
508 327
158 986
983 244
637 109
177 207
357 374
361 972
365 701
582 957
712 996
932 452
847 981
60  66
252 267
944 435
338 688
900 168
583 871
852 59
921 72
845 534
387 253
812 354
5   404
590 575
930 128
184 742
832 466
285 346
548 976
32  531
966 58
31  40
162 539
621 425
802 495
385 493
769 329
921 15
64  106
854 678
943 122
103 285
304 739
398 212
335 459
43  108
400 255
935 851
179 147
822 749
60  32
829 992
783 760
218 360
321 463
403 172
32  134
218 490
44  456
430 570
896 875
509 572
424 936
639 505
914 852
984 435
479 341
207 937
709 700
235 795
557 130
270 964
482 320
60  761
836 272
413 327
509 379
961 329
819 754
176 910
648 809
640 892
838 79
552 232
831 306
503 726
555 765
486 958
571 837
162 504
458 845
378 389
458 127
929 786
364 368
579 971
662 173
320 524
919 901
894 787
428 736
554 560
94  22
82  61
581 840
54  127
693 830
355 662
24  276
946 348
844 433
877 594
238 103
556 739
503 462
264 505
782 143
919 703
958 559
90  181
794 485
267 35
322 883
376 52
487 982
541 423
36  607
101 687
657 754
880 943
372 421
695 294
174 686
128 560
926 32
540 223
490 930
334 635
125 661
473 467
129 401
247 415
725 544
284 155
200 281
822 540
306 433
216 59
887 520
714 539
780 97
464 94
951 329
785 333
886 820
677 811
232 689
595 733
690 901
457 905
149 843
914 940
87  154
868 966
492 778
106 127
735 816
108 897
37  189
143 876
192 855
898 931
484 891
225 887
845 927
87  156
332 670
178 109
16  13
17  419
986 893
54  851
2   931
73  853
603 900
495 820
156 825
452 820
846 825
625 965
409 900
474 942
350 832
267 929
121 149
456 850
86  109
184 186
475 917
83  123
254 899
132 768
437 848
867 938
936 945
140 810
431 895
951 961
449 950
186 798
908 949
322 852
913 937
934 958
270 978
159 863
954 920
389 874
273 852
900 963
881 878
181 113
478 868
464 902
563 823
149 130
162 793
444 918
136 138
541 906
155 868
34  189
130 980
237 386
190 854
182 825
520 908
517 985
815 899
539 823
55  50
498 853
86  140
121 190
253 850
72  175
155 903
744 860
479 941
44  63
43  203
115 299
906 933
121 875
139 818
185 933
5   191
152 860
81  163
840 863
15  221
366 999
898 981
214 965
677 912
471 869
188 671
312 929
976 943
51  48
421 911
40  708
116 814
72  266
183 409
100 88
424 921
877 967
458 890
27  179
171 936
932 1000
455 869
463 837
846 959
435 847
353 670
187 752
464 978
145 830
126 826
137 85
128 303
59  408
319 870
887 957
240 175
473 816
132 885
138 202
406 825
388 728
78  745
181 842
287 734
173 850
144 150
181 611
105 862
261 116
444 964
367 966
188 819
7   136
947 934
127 532
408 873
808 928
430 951
109 846
94  257
33  885
170 97
7   126
916 902
432 821
181 936
887 864
494 876
128 179
464 900
493 815
229 847
322 943
343 786
143 863
153 220
135 147
321 964
895 939
88  881
128 913
201 898
912 951
105 265
32  133
428 946
21  156
47  175
70  772
459 932
165 773
907 938
146 938
76  832
34  140
900 958
215 989
444 821
963 961
914 869
102 310
126 686
819 967
282 720
113 780